1,-3.1878,55.9444,300,-3.18765,55.94414019237887,null
2,-3.18765,55.94414019237887,300,-3.1875,55.94388038475773,begins.spider.drips
3,-3.1875,55.94388038475773,0,-3.187204557674096,55.943932479211036,null
4,-3.187204557674096,55.943932479211036,350,-3.1869091153481923,55.94388038475773,null
5,-3.1869091153481923,55.94388038475773,350,-3.1866136730222885,55.943932479211036,null
6,-3.1866136730222885,55.943932479211036,350,-3.1863182306963846,55.94388038475773,null
7,-3.1863182306963846,55.94388038475773,350,-3.186022788370481,55.943932479211036,teams.mild.played
8,-3.186022788370481,55.943932479211036,120,-3.186172788370481,55.94419228683217,null
9,-3.186172788370481,55.94419228683217,100,-3.186224882823781,55.94448772915808,null
10,-3.186224882823781,55.94448772915808,130,-3.1864177191066867,55.94471754249101,rated.fired.crowds
11,-3.1864177191066867,55.94471754249101,110,-3.1865203251496843,55.94499945027725,null
12,-3.1865203251496843,55.94499945027725,110,-3.186622931192682,55.94528135806349,null
13,-3.186622931192682,55.94528135806349,110,-3.1867255372356795,55.94556326584973,hidden.handle.softly
14,-3.1867255372356795,55.94556326584973,180,-3.1870255372356797,55.94556326584973,null
15,-3.1870255372356797,55.94556326584973,180,-3.18732553723568,55.94556326584973,null
16,-3.18732553723568,55.94556326584973,180,-3.18762553723568,55.94556326584973,null
17,-3.18762553723568,55.94556326584973,180,-3.1879255372356803,55.94556326584973,null
18,-3.1879255372356803,55.94556326584973,190,-3.188220979561584,55.945511171396426,skills.less.herb
19,-3.188220979561584,55.945511171396426,120,-3.188370979561584,55.94577097901756,null
20,-3.188370979561584,55.94577097901756,120,-3.1885209795615843,55.946030786638694,boost.radar.stress
21,-3.1885209795615843,55.946030786638694,180,-3.1888209795615845,55.946030786638694,null
22,-3.1888209795615845,55.946030786638694,180,-3.1891209795615847,55.946030786638694,null
23,-3.1891209795615847,55.946030786638694,180,-3.189420979561585,55.946030786638694,null
24,-3.189420979561585,55.946030786638694,180,-3.189720979561585,55.946030786638694,null
25,-3.189720979561585,55.946030786638694,180,-3.1900209795615853,55.946030786638694,love.behind.orchestra
26,-3.1900209795615853,55.946030786638694,330,-3.1897611719404497,55.945880786638696,null
27,-3.1897611719404497,55.945880786638696,330,-3.189501364319314,55.9457307866387,museum.spicy.horns
28,-3.189501364319314,55.9457307866387,0,-3.1892059219934104,55.945782881092,null
29,-3.1892059219934104,55.945782881092,350,-3.1889104796675065,55.9457307866387,null
30,-3.1889104796675065,55.9457307866387,350,-3.1886150373416027,55.945782881092,bend.tubes.chops
31,-3.1886150373416027,55.945782881092,0,-3.188319595015699,55.9458349755453,null
32,-3.188319595015699,55.9458349755453,0,-3.188024152689795,55.945887069998605,null
33,-3.188024152689795,55.945887069998605,0,-3.187728710363891,55.94593916445191,null
34,-3.187728710363891,55.94593916445191,0,-3.1874332680379873,55.94599125890521,slips.mass.baking
35,-3.1874332680379873,55.94599125890521,300,-3.1872832680379872,55.945731451284075,diner.leaves.mutual
36,-3.1872832680379872,55.945731451284075,0,-3.1869878257120834,55.94578354573738,null
37,-3.1869878257120834,55.94578354573738,350,-3.1866923833861796,55.945731451284075,null
38,-3.1866923833861796,55.945731451284075,350,-3.1863969410602757,55.94578354573738,posts.kicked.universally
39,-3.1863969410602757,55.94578354573738,20,-3.18611503327404,55.94588615178038,null
40,-3.18611503327404,55.94588615178038,20,-3.1858331254878043,55.94598875782338,null
41,-3.1858331254878043,55.94598875782338,20,-3.1855512177015686,55.94609136386638,null
42,-3.1855512177015686,55.94609136386638,20,-3.1852557753756647,55.94614345831968,prime.rent.silk
43,-3.1852557753756647,55.94614345831968,300,-3.1851057753756646,55.94588365069855,null
44,-3.1851057753756646,55.94588365069855,300,-3.1849557753756645,55.94562384307741,null
45,-3.1849557753756645,55.94562384307741,310,-3.1847629390927588,55.94539402974448,null
46,-3.1847629390927588,55.94539402974448,300,-3.1846129390927587,55.94513422212334,null
47,-3.1846129390927587,55.94513422212334,310,-3.184420102809853,55.94490440879041,sports.topic.clocks
48,-3.184420102809853,55.94490440879041,250,-3.1845227088528505,55.94462250100417,null
49,-3.1845227088528505,55.94462250100417,250,-3.184625314895848,55.94434059321793,null
50,-3.184625314895848,55.94434059321793,250,-3.1847279209388457,55.94405868543169,null
51,-3.1847279209388457,55.94405868543169,250,-3.1848305269818433,55.94377677764545,null
52,-3.1848305269818433,55.94377677764545,250,-3.184933133024841,55.943494869859215,sentences.sings.modern
53,-3.184933133024841,55.943494869859215,140,-3.1851629463577766,55.94368770614212,hello.love.keys
54,-3.1851629463577766,55.94368770614212,220,-3.1853927596907123,55.943494869859215,null
55,-3.1853927596907123,55.943494869859215,220,-3.185622573023648,55.94330203357631,null
56,-3.185622573023648,55.94330203357631,220,-3.1858523863565837,55.9431091972934,null
57,-3.1858523863565837,55.9431091972934,220,-3.1860821996895194,55.9429163610105,null
58,-3.1860821996895194,55.9429163610105,220,-3.186312013022455,55.94272352472759,under.retire.bump
59,-3.186312013022455,55.94272352472759,180,-3.1866120130224553,55.94272352472759,null
60,-3.1866120130224553,55.94272352472759,190,-3.186907455348359,55.94267143027429,strut.river.surely
61,-3.186907455348359,55.94267143027429,160,-3.187189363134595,55.94277403631729,null
62,-3.187189363134595,55.94277403631729,160,-3.1874712709208306,55.94287664236029,null
63,-3.1874712709208306,55.94287664236029,160,-3.1877531787070663,55.94297924840329,null
64,-3.1877531787070663,55.94297924840329,160,-3.188035086493302,55.94308185444629,null
65,-3.188035086493302,55.94308185444629,160,-3.1883169942795377,55.94318446048929,null
66,-3.1883169942795377,55.94318446048929,150,-3.1885768019006733,55.94333446048929,system.speak.guard
67,-3.1885768019006733,55.94333446048929,210,-3.188836609521809,55.94318446048929,null
68,-3.188836609521809,55.94318446048929,210,-3.1890964171429443,55.943034460489294,null
69,-3.1890964171429443,55.943034460489294,210,-3.18935622476408,55.942884460489296,null
70,-3.18935622476408,55.942884460489296,190,-3.1896516670899837,55.942832366035994,null
71,-3.1896516670899837,55.942832366035994,200,-3.1899335748762194,55.94272975999299,hooked.shine.third
72,-3.1899335748762194,55.94272975999299,110,-3.190036180919217,55.94301166777923,null
73,-3.190036180919217,55.94301166777923,110,-3.1901387869622146,55.94329357556547,arts.dish.scarcely
74,-3.1901387869622146,55.94329357556547,200,-3.1904206947484504,55.94319096952247,null
75,-3.1904206947484504,55.94319096952247,200,-3.190702602534686,55.94308836347947,relate.chill.vest
76,-3.190702602534686,55.94308836347947,180,-3.1910026025346863,55.94308836347947,else.urban.museum
77,-3.1910026025346863,55.94308836347947,100,-3.1910546969879863,55.943383805805375,null
78,-3.1910546969879863,55.943383805805375,100,-3.1911067914412863,55.94367924813128,loaf.cheer.slave
79,-3.1911067914412863,55.94367924813128,110,-3.191209397484284,55.94396115591752,null
80,-3.191209397484284,55.94396115591752,110,-3.1913120035272815,55.94424306370376,null
81,-3.1913120035272815,55.94424306370376,110,-3.191414609570279,55.94452497149,null
82,-3.191414609570279,55.94452497149,110,-3.1915172156132767,55.944806879276236,null
83,-3.1915172156132767,55.944806879276236,110,-3.1916198216562743,55.945088787062474,null
84,-3.1916198216562743,55.945088787062474,110,-3.191722427699272,55.94537069484871,null
85,-3.191722427699272,55.94537069484871,100,-3.191774522152572,55.94566613717462,null
86,-3.191774522152572,55.94566613717462,110,-3.1918771281955696,55.94594804496086,stone.undulation.poems
87,-3.1918771281955696,55.94594804496086,320,-3.191647314862634,55.94575520867795,null
88,-3.191647314862634,55.94575520867795,320,-3.191417501529698,55.945562372395045,null
89,-3.191417501529698,55.945562372395045,320,-3.1911876881967625,55.94536953611214,null
90,-3.1911876881967625,55.94536953611214,320,-3.1909578748638268,55.94517669982923,maple.limit.hotels
91,-3.1909578748638268,55.94517669982923,260,-3.1910099693171268,55.944881257503326,estate.gave.votes
92,-3.1910099693171268,55.944881257503326,300,-3.1908599693171267,55.94462144988219,null
93,-3.1908599693171267,55.94462144988219,300,-3.1907099693171266,55.94436164226106,null
94,-3.1907099693171266,55.94436164226106,310,-3.190517133034221,55.94413182892812,pump.wheels.hulk
95,-3.190517133034221,55.94413182892812,300,-3.1903671330342207,55.94387202130699,sculpture.shot.melon
96,-3.1903671330342207,55.94387202130699,350,-3.190071690708317,55.943819926853685,null
97,-3.190071690708317,55.943819926853685,350,-3.189776248382413,55.94387202130699,burn.spot.across
98,-3.189776248382413,55.94387202130699,0,-3.189480806056509,55.94392411576029,null
99,-3.189480806056509,55.94392411576029,0,-3.1891853637306053,55.94397621021359,null
100,-3.1891853637306053,55.94397621021359,350,-3.1888899214047015,55.94392411576029,noted.friday.jams
101,-3.1888899214047015,55.94392411576029,20,-3.188608013618466,55.94402672180329,null
102,-3.188608013618466,55.94402672180329,20,-3.18832610583223,55.94412932784629,null
103,-3.18832610583223,55.94412932784629,30,-3.1880662982110946,55.94427932784629,null
104,-3.1880662982110946,55.94427932784629,20,-3.187784390424859,55.94438193388929,thank.salsa.brain
105,-3.187784390424859,55.94438193388929,110,-3.1878869964678564,55.94466384167553,hurt.green.filer
106,-3.1878869964678564,55.94466384167553,290,-3.187784390424859,55.94438193388929,null
