1,-3.1878,55.9444,240,-3.1879500000000003,55.94414019237887,null
2,-3.1879500000000003,55.94414019237887,240,-3.1881000000000004,55.94388038475773,cubs.trucks.help
3,-3.1881000000000004,55.94388038475773,340,-3.1878180922137647,55.94377777871473,null
4,-3.1878180922137647,55.94377777871473,340,-3.187536184427529,55.94367517267173,shut.stands.media
5,-3.187536184427529,55.94367517267173,20,-3.1872542766412932,55.94377777871473,null
6,-3.1872542766412932,55.94377777871473,20,-3.1869723688550575,55.94388038475773,null
7,-3.1869723688550575,55.94388038475773,20,-3.186690461068822,55.943982990800734,null
8,-3.186690461068822,55.943982990800734,20,-3.186408553282586,55.944085596843735,null
9,-3.186408553282586,55.944085596843735,30,-3.1861487456614506,55.94423559684373,organs.shape.fantastic
10,-3.1861487456614506,55.94423559684373,110,-3.186251351704448,55.94451750462997,null
11,-3.186251351704448,55.94451750462997,130,-3.186444187987354,55.94474731796291,null
12,-3.186444187987354,55.94474731796291,120,-3.186594187987354,55.94500712558404,null
13,-3.186594187987354,55.94500712558404,130,-3.18678702427026,55.94523693891698,null
14,-3.18678702427026,55.94523693891698,120,-3.18693702427026,55.94549674653811,spent.spoon.bolt
15,-3.18693702427026,55.94549674653811,0,-3.1866370242702597,55.94549674653811,hidden.handle.softly
16,-3.1866370242702597,55.94549674653811,40,-3.186407210937324,55.94568958282102,posts.kicked.universally
17,-3.186407210937324,55.94568958282102,20,-3.1861253031510883,55.94579218886402,null
18,-3.1861253031510883,55.94579218886402,20,-3.1858433953648526,55.94589479490702,null
19,-3.1858433953648526,55.94589479490702,30,-3.185583587743717,55.94604479490702,null
20,-3.185583587743717,55.94604479490702,20,-3.1853016799574814,55.94614740095002,prime.rent.silk
21,-3.1853016799574814,55.94614740095002,270,-3.1853016799574814,55.945847400950015,null
22,-3.1853016799574814,55.945847400950015,270,-3.1853016799574814,55.94554740095001,null
23,-3.1853016799574814,55.94554740095001,270,-3.1853016799574814,55.94524740095001,null
24,-3.1853016799574814,55.94524740095001,280,-3.1852495855041814,55.9449519586241,null
25,-3.1852495855041814,55.9449519586241,270,-3.1852495855041814,55.9446519586241,acid.chair.butter
26,-3.1852495855041814,55.9446519586241,250,-3.185352191547179,55.94437005083786,null
27,-3.185352191547179,55.94437005083786,250,-3.1854547975901766,55.94408814305162,manliness.poem.cliff
28,-3.1854547975901766,55.94408814305162,300,-3.1853047975901765,55.94382833543049,null
29,-3.1853047975901765,55.94382833543049,300,-3.1851547975901764,55.943568527809354,null
30,-3.1851547975901764,55.943568527809354,310,-3.1849619613072706,55.94333871447642,null
31,-3.1849619613072706,55.94333871447642,300,-3.1848119613072705,55.943078906855284,courier.assume.bill
32,-3.1848119613072705,55.943078906855284,180,-3.1851119613072707,55.943078906855284,null
33,-3.1851119613072707,55.943078906855284,180,-3.185411961307271,55.943078906855284,null
34,-3.185411961307271,55.943078906855284,180,-3.185711961307271,55.943078906855284,toned.deflection.bland
35,-3.185711961307271,55.943078906855284,190,-3.186007403633175,55.94302681240198,null
36,-3.186007403633175,55.94302681240198,190,-3.1863028459590788,55.94297471794868,hers.banks.goat
37,-3.1863028459590788,55.94297471794868,190,-3.1865982882849826,55.94292262349538,null
38,-3.1865982882849826,55.94292262349538,190,-3.1868937306108864,55.942870529042075,null
39,-3.1868937306108864,55.942870529042075,190,-3.1871891729367903,55.94281843458877,null
40,-3.1871891729367903,55.94281843458877,190,-3.187484615262694,55.94276634013547,null
41,-3.187484615262694,55.94276634013547,180,-3.1877846152626943,55.94276634013547,panic.squad.danger
42,-3.1877846152626943,55.94276634013547,100,-3.1878367097159943,55.94306178246138,gums.clock.modes
43,-3.1878367097159943,55.94306178246138,180,-3.1881367097159945,55.94306178246138,null
44,-3.1881367097159945,55.94306178246138,180,-3.1884367097159947,55.94306178246138,null
45,-3.1884367097159947,55.94306178246138,180,-3.188736709715995,55.94306178246138,null
46,-3.188736709715995,55.94306178246138,190,-3.1890321520418987,55.943009688008075,null
47,-3.1890321520418987,55.943009688008075,180,-3.189332152041899,55.943009688008075,region.passes.pencil
48,-3.189332152041899,55.943009688008075,210,-3.1895919596630344,55.94285968800808,null
49,-3.1895919596630344,55.94285968800808,200,-3.18987386744927,55.94275708196508,hooked.shine.third
50,-3.18987386744927,55.94275708196508,100,-3.18992596190257,55.943052524290984,second.launch.miles
51,-3.18992596190257,55.943052524290984,140,-3.190155775235506,55.94324536057389,shows.fries.lamp
52,-3.190155775235506,55.94324536057389,110,-3.1902583812785035,55.94352726836013,null
53,-3.1902583812785035,55.94352726836013,110,-3.190360987321501,55.94380917614637,pump.wheels.hulk
54,-3.190360987321501,55.94380917614637,140,-3.190590800654437,55.94400201242927,null
55,-3.190590800654437,55.94400201242927,140,-3.1908206139873725,55.94419484871218,null
56,-3.1908206139873725,55.94419484871218,130,-3.1910134502702783,55.944424662045115,paying.crowd.weep
57,-3.1910134502702783,55.944424662045115,90,-3.1910134502702783,55.94472466204512,null
58,-3.1910134502702783,55.94472466204512,90,-3.1910134502702783,55.94502466204512,null
59,-3.1910134502702783,55.94502466204512,90,-3.1910134502702783,55.945324662045124,maple.limit.hotels
60,-3.1910134502702783,55.945324662045124,100,-3.1910655447235783,55.94562010437103,null
61,-3.1910655447235783,55.94562010437103,110,-3.191168150766576,55.94590201215727,simple.rust.audio
62,-3.191168150766576,55.94590201215727,220,-3.1913979640995116,55.94570917587436,null
63,-3.1913979640995116,55.94570917587436,220,-3.1916277774324473,55.94551633959146,null
64,-3.1916277774324473,55.94551633959146,210,-3.191887585053583,55.94536633959146,null
65,-3.191887585053583,55.94536633959146,220,-3.1921173983865185,55.94517350330855,useful.hike.trades
66,-3.1921173983865185,55.94517350330855,0,-3.1918173983865183,55.94517350330855,null
67,-3.1918173983865183,55.94517350330855,10,-3.1915219560606145,55.945225597761855,hills.feels.tunes
68,-3.1915219560606145,55.945225597761855,290,-3.191419350017617,55.94494368997562,null
69,-3.191419350017617,55.94494368997562,290,-3.1913167439746193,55.94466178218938,null
70,-3.1913167439746193,55.94466178218938,290,-3.1912141379316217,55.94437987440314,null
71,-3.1912141379316217,55.94437987440314,300,-3.1910641379316216,55.944120066782006,hills.giant.crate
72,-3.1910641379316216,55.944120066782006,290,-3.190961531888624,55.94383815899577,null
73,-3.190961531888624,55.94383815899577,290,-3.1908589258456264,55.94355625120953,null
74,-3.1908589258456264,55.94355625120953,290,-3.1907563198026287,55.94327434342329,relate.chill.vest
75,-3.1907563198026287,55.94327434342329,210,-3.1910161274237643,55.94312434342329,else.urban.museum
76,-3.1910161274237643,55.94312434342329,30,-3.1907563198026287,55.94327434342329,null
77,-3.1907563198026287,55.94327434342329,30,-3.190496512181493,55.94342434342329,null
78,-3.190496512181493,55.94342434342329,20,-3.1902146043952575,55.94352694946629,null
79,-3.1902146043952575,55.94352694946629,30,-3.189954796774122,55.94367694946629,null
80,-3.189954796774122,55.94367694946629,20,-3.1896728889878863,55.94377955550929,burn.spot.across
81,-3.1896728889878863,55.94377955550929,10,-3.1893774466619824,55.94383164996259,null
82,-3.1893774466619824,55.94383164996259,10,-3.1890820043360786,55.94388374441589,noted.friday.jams
83,-3.1890820043360786,55.94388374441589,90,-3.1890820043360786,55.944183744415895,null
84,-3.1890820043360786,55.944183744415895,100,-3.1891340987893786,55.9444791867418,null
85,-3.1891340987893786,55.9444791867418,90,-3.1891340987893786,55.944779186741805,null
86,-3.1891340987893786,55.944779186741805,100,-3.1891861932426786,55.94507462906771,number.exist.rate
87,-3.1891861932426786,55.94507462906771,10,-3.1888907509167748,55.945126723521014,rooms.lamp.teach
88,-3.1888907509167748,55.945126723521014,340,-3.188608843130539,55.94502411747801,null
89,-3.188608843130539,55.94502411747801,340,-3.1883269353443033,55.94492151143501,null
90,-3.1883269353443033,55.94492151143501,330,-3.188067127723168,55.944771511435015,hurt.green.filer
91,-3.188067127723168,55.944771511435015,300,-3.1879171277231677,55.94451170381388,null
92,-3.1879171277231677,55.94451170381388,310,-3.187724291440262,55.944281890480944,bound.ends.matter
93,-3.187724291440262,55.944281890480944,120,-3.187874291440262,55.94454169810208,null
