1,-3.1878,55.9444,10,-3.1875045576740964,55.944452094453304,null
2,-3.1875045576740964,55.944452094453304,10,-3.1872091153481925,55.944504188906606,only.fairly.rift
3,-3.1872091153481925,55.944504188906606,0,-3.1869136730222887,55.94455628335991,artist.gets.react
4,-3.1869136730222887,55.94455628335991,60,-3.1867636730222886,55.94481609098104,null
5,-3.1867636730222886,55.94481609098104,10,-3.1864682306963847,55.944868185434345,null
6,-3.1864682306963847,55.944868185434345,80,-3.1864161362430847,55.94516362776025,null
7,-3.1864161362430847,55.94516362776025,80,-3.1863640417897847,55.94545907008616,null
8,-3.1863640417897847,55.94545907008616,80,-3.1863119473364847,55.945754512412066,posts.kicked.universally
9,-3.1863119473364847,55.945754512412066,30,-3.186052139715349,55.94590451241206,null
10,-3.186052139715349,55.94590451241206,30,-3.1857923320942136,55.94605451241206,renew.slows.basket
11,-3.1857923320942136,55.94605451241206,180,-3.186092332094214,55.94605451241206,null
12,-3.186092332094214,55.94605451241206,180,-3.186392332094214,55.94605451241206,null
13,-3.186392332094214,55.94605451241206,190,-3.186687774420118,55.94600241795876,null
14,-3.186687774420118,55.94600241795876,180,-3.186987774420118,55.94600241795876,null
15,-3.186987774420118,55.94600241795876,190,-3.187283216746022,55.94595032350546,slips.mass.baking
16,-3.187283216746022,55.94595032350546,330,-3.1870234091248864,55.94580032350546,null
17,-3.1870234091248864,55.94580032350546,330,-3.186763601503751,55.94565032350546,hidden.handle.softly
18,-3.186763601503751,55.94565032350546,230,-3.1869564377866566,55.945420510172525,spent.spoon.bolt
19,-3.1869564377866566,55.945420510172525,310,-3.186763601503751,55.94519069683959,null
20,-3.186763601503751,55.94519069683959,310,-3.186570765220845,55.94496088350665,laws.merit.bleak
21,-3.186570765220845,55.94496088350665,330,-3.1863109575997095,55.944810883506655,null
22,-3.1863109575997095,55.944810883506655,320,-3.186081144266774,55.94461804722375,null
23,-3.186081144266774,55.94461804722375,330,-3.1858213366456383,55.94446804722375,atoms.vanish.foods
24,-3.1858213366456383,55.94446804722375,60,-3.185671336645638,55.944727854844885,null
25,-3.185671336645638,55.944727854844885,60,-3.185521336645638,55.94498766246602,null
26,-3.185521336645638,55.94498766246602,60,-3.185371336645638,55.94524747008715,null
27,-3.185371336645638,55.94524747008715,60,-3.185221336645638,55.94550727770829,null
28,-3.185221336645638,55.94550727770829,60,-3.185071336645638,55.94576708532942,rider.aura.bulb
29,-3.185071336645638,55.94576708532942,130,-3.1852641729285436,55.94599689866236,prime.rent.silk
30,-3.1852641729285436,55.94599689866236,320,-3.185034359595608,55.94580406237945,null
31,-3.185034359595608,55.94580406237945,320,-3.184804546262672,55.945611226096545,null
32,-3.184804546262672,55.945611226096545,310,-3.1846117099797664,55.94538141276361,settle.title.united
33,-3.1846117099797664,55.94538141276361,270,-3.1846117099797664,55.94508141276361,null
34,-3.1846117099797664,55.94508141276361,270,-3.1846117099797664,55.944781412763604,null
35,-3.1846117099797664,55.944781412763604,270,-3.1846117099797664,55.9444814127636,null
36,-3.1846117099797664,55.9444814127636,270,-3.1846117099797664,55.9441814127636,null
37,-3.1846117099797664,55.9441814127636,260,-3.1846638044330664,55.94388597043769,rider.mile.lime
38,-3.1846638044330664,55.94388597043769,260,-3.1847158988863664,55.943590528111784,null
39,-3.1847158988863664,55.943590528111784,260,-3.1847679933396664,55.94329508578588,brings.remedy.latter
40,-3.1847679933396664,55.94329508578588,170,-3.1850634356655703,55.94334718023918,null
41,-3.1850634356655703,55.94334718023918,160,-3.185345343451806,55.94344978628218,null
42,-3.185345343451806,55.94344978628218,170,-3.18564078577771,55.94350188073548,record.sofa.sock
43,-3.18564078577771,55.94350188073548,270,-3.18564078577771,55.94320188073548,toned.deflection.bland
44,-3.18564078577771,55.94320188073548,200,-3.1859226935639455,55.94309927469248,null
45,-3.1859226935639455,55.94309927469248,200,-3.1862046013501812,55.94299666864948,hers.banks.goat
46,-3.1862046013501812,55.94299666864948,170,-3.186500043676085,55.94304876310278,null
47,-3.186500043676085,55.94304876310278,170,-3.186795486001989,55.94310085755608,null
48,-3.186795486001989,55.94310085755608,170,-3.1870909283278928,55.943152952009385,null
49,-3.1870909283278928,55.943152952009385,170,-3.1873863706537966,55.94320504646269,null
50,-3.1873863706537966,55.94320504646269,180,-3.187686370653797,55.94320504646269,gums.clock.modes
51,-3.187686370653797,55.94320504646269,190,-3.1879818129797006,55.943152952009385,null
52,-3.1879818129797006,55.943152952009385,180,-3.188281812979701,55.943152952009385,null
53,-3.188281812979701,55.943152952009385,190,-3.1885772553056047,55.94310085755608,groups.ideas.script
54,-3.1885772553056047,55.94310085755608,170,-3.1888726976315085,55.943152952009385,null
55,-3.1888726976315085,55.943152952009385,170,-3.1891681399574123,55.94320504646269,null
56,-3.1891681399574123,55.94320504646269,170,-3.189463582283316,55.94325714091599,null
57,-3.189463582283316,55.94325714091599,170,-3.18975902460922,55.94330923536929,null
58,-3.18975902460922,55.94330923536929,160,-3.1900409323954557,55.94341184141229,arts.dish.scarcely
59,-3.1900409323954557,55.94341184141229,230,-3.1902337686783615,55.943182028079356,null
60,-3.1902337686783615,55.943182028079356,230,-3.1904266049612673,55.94295221474642,null
61,-3.1904266049612673,55.94295221474642,220,-3.190656418294203,55.94275937846351,tonic.bliss.cove
62,-3.190656418294203,55.94275937846351,180,-3.190956418294203,55.94275937846351,null
63,-3.190956418294203,55.94275937846351,180,-3.1912564182942034,55.94275937846351,along.spill.limp
64,-3.1912564182942034,55.94275937846351,80,-3.1912043238409034,55.94305482078942,null
65,-3.1912043238409034,55.94305482078942,80,-3.1911522293876033,55.94335026311533,null
66,-3.1911522293876033,55.94335026311533,90,-3.1911522293876033,55.94365026311533,null
67,-3.1911522293876033,55.94365026311533,80,-3.1911001349343033,55.94394570544124,spicy.bunch.shady
68,-3.1911001349343033,55.94394570544124,90,-3.1911001349343033,55.94424570544124,paying.crowd.weep
69,-3.1911001349343033,55.94424570544124,120,-3.1912501349343034,55.944505513062374,null
70,-3.1912501349343034,55.944505513062374,120,-3.1914001349343035,55.94476532068351,null
71,-3.1914001349343035,55.94476532068351,110,-3.191502740977301,55.94504722846975,hills.feels.tunes
72,-3.191502740977301,55.94504722846975,30,-3.1912429333561656,55.945197228469745,null
73,-3.1912429333561656,55.945197228469745,30,-3.19098312573503,55.94534722846974,null
74,-3.19098312573503,55.94534722846974,30,-3.1907233181138945,55.94549722846974,null
75,-3.1907233181138945,55.94549722846974,30,-3.190463510492759,55.94564722846974,null
76,-3.190463510492759,55.94564722846974,40,-3.1902336971598233,55.945840064752645,null
77,-3.1902336971598233,55.945840064752645,30,-3.1899738895386878,55.94599006475264,love.behind.orchestra
78,-3.1899738895386878,55.94599006475264,280,-3.1899217950853878,55.945694622426736,null
79,-3.1899217950853878,55.945694622426736,290,-3.18981918904239,55.9454127146405,turkey.limit.ramp
80,-3.18981918904239,55.9454127146405,330,-3.1895593814212546,55.9452627146405,null
81,-3.1895593814212546,55.9452627146405,330,-3.189299573800119,55.9451127146405,number.exist.rate
82,-3.189299573800119,55.9451127146405,60,-3.189149573800119,55.945372522261636,null
83,-3.189149573800119,55.945372522261636,50,-3.188956737517213,55.94560233559457,stops.else.chats
84,-3.188956737517213,55.94560233559457,310,-3.1887639012343074,55.945372522261636,shady.soft.phones
85,-3.1887639012343074,55.945372522261636,20,-3.1884819934480717,55.945475128304636,skills.less.herb
86,-3.1884819934480717,55.945475128304636,300,-3.1883319934480716,55.9452153206835,null
87,-3.1883319934480716,55.9452153206835,300,-3.1881819934480715,55.94495551306237,null
88,-3.1881819934480715,55.94495551306237,300,-3.1880319934480714,55.944695705441234,null
89,-3.1880319934480714,55.944695705441234,310,-3.1878391571651656,55.9444658921083,thank.salsa.brain
90,-3.1878391571651656,55.9444658921083,300,-3.1876891571651655,55.94420608448716,bound.ends.matter
91,-3.1876891571651655,55.94420608448716,120,-3.1878391571651656,55.9444658921083,null
